MY_ACCOUNT_ID=0.0.49005192
MY_PRIVATE_KEY=82e68555dae3933ac5a9b9c7692d885ef8d37c6d7241906462cc55a97fe6258c
TREASURY_ID=0.0.49025510
TREASURY_PRIVATE_KEY=302e020100300506032b657004220420e7e219982ae0ed45a2cdd943523926cbfb2272ae5d978ad1c23cae3f6a4916ca
ALICE_ID=0.0.49025518
ALICE_PRIVATE_KEY=302e020100300506032b657004220420632084acd1713172ff969126960421e0c124377ba811c82f97333f4c5050aa45
ALICE_PUBLIC_KEY=302a300506032b65700321009b37d834b10b47c22948e34e6e0d59769d5c705fce55d25ae03a81a4c20d5493

CNGN_SUPPLY_KEY=0xe0410969987157f9efe73dcd96e19d5f04c4b85754a3052b46bdf406a654b731
JAY_TOKENS_ID=0.0.49025536
CNGN_TOKENS_ID=0.0.49025740
